118.322 7.000000e-08
167.332 2.833333e-08
236.643 1.375000e-08
334.664 5.583333e-09
477.493 2.647059e-09
675.278 1.434783e-09
938.083 6.333333e-10
1326.650 2.200000e-10
1918.333 8.571429e-11
2712.932 4.333333e-11
3794.733 1.769231e-11
5366.563 7.894737e-12
7631.514 3.555556e-12
10876.580 1.948718e-12
15297.059 8.000000e-13
21633.308 3.250000e-13
30594.117 1.600000e-13
42848.571 7.333333e-14
60597.030 3.000000e-14
84852.814 1.285714e-14
118321.596 3.750000e-15
167332.005 1.633333e-15
240831.892 5.222222e-16
344818.793 2.666667e-16
487647.414 4.294118e-17
