# E  dN/dE  [GeV  ph/GeV]
2.368867e-07 0.000000e+00
2.657913e-07 0.000000e+00
2.982227e-07 0.000000e+00
3.346114e-07 5.188762e+02
3.754402e-07 0.000000e+00
4.212508e-07 0.000000e+00
4.726512e-07 1.836681e+02
5.303234e-07 0.000000e+00
5.950326e-07 1.458928e+02
6.676376e-07 0.000000e+00
7.491017e-07 0.000000e+00
8.405059e-07 0.000000e+00
9.430631e-07 0.000000e+00
1.058134e-06 0.000000e+00
1.187246e-06 0.000000e+00
1.332112e-06 0.000000e+00
1.494654e-06 0.000000e+00
1.677030e-06 0.000000e+00
1.881658e-06 9.227068e+01
2.111255e-06 8.223633e+01
2.368867e-06 7.329320e+01
2.657913e-06 6.532264e+01
2.982227e-06 8.732829e+01
3.346114e-06 1.816067e+02
3.754402e-06 1.156122e+02
4.212508e-06 2.060790e+02
4.726512e-06 9.183405e+01
5.303234e-06 1.800638e+02
5.950326e-06 2.188391e+02
6.676376e-06 2.080433e+02
7.491017e-06 2.665395e+02
8.405059e-06 3.821514e+02
9.430631e-06 3.958240e+02
1.058134e-05 4.922491e+02
1.187246e-05 5.557088e+02
1.332112e-05 5.539271e+02
1.494654e-05 5.866176e+02
1.677030e-05 6.367058e+02
1.881658e-05 7.381654e+02
2.111255e-05 6.784497e+02
2.368867e-05 6.742975e+02
2.657913e-05 6.989522e+02
2.982227e-05 7.073592e+02
3.346114e-05 7.212379e+02
3.754402e-05 8.092855e+02
4.212508e-05 7.130333e+02
4.726512e-05 6.850820e+02
5.303234e-05 6.662360e+02
5.950326e-05 6.273388e+02
6.676376e-05 5.604166e+02
7.491017e-05 4.878831e+02
8.405059e-05 4.472204e+02
9.430631e-05 4.998429e+02
1.058134e-04 4.028239e+02
1.187246e-04 4.043513e+02
1.332112e-04 3.584234e+02
1.494654e-04 3.426776e+02
1.677030e-04 3.173176e+02
1.881658e-04 2.777347e+02
2.111255e-04 2.541103e+02
2.368867e-04 2.415011e+02
2.657913e-04 2.260163e+02
2.982227e-04 1.964887e+02
3.346114e-04 1.668187e+02
3.754402e-04 1.604698e+02
4.212508e-04 1.308602e+02
4.726512e-04 1.280167e+02
5.303234e-04 1.145861e+02
5.950326e-04 1.082524e+02
6.676376e-04 8.646799e+01
7.491017e-04 8.876924e+01
8.405059e-04 7.281533e+01
9.430631e-04 6.940729e+01
1.058134e-03 5.816744e+01
1.187246e-03 5.403537e+01
1.332112e-03 4.952760e+01
1.494654e-03 4.449001e+01
1.677030e-03 3.799529e+01
1.881658e-03 3.238701e+01
2.111255e-03 3.190770e+01
2.368867e-03 2.535945e+01
2.657913e-03 2.253631e+01
2.982227e-03 2.186118e+01
3.346114e-03 1.810878e+01
3.754402e-03 1.752681e+01
4.212508e-03 1.502316e+01
4.726512e-03 1.417918e+01
5.303234e-03 1.286638e+01
5.950326e-03 1.040215e+01
6.676376e-03 9.595996e+00
7.491017e-03 8.471320e+00
8.405059e-03 8.107806e+00
9.430631e-03 7.097217e+00
1.058134e-02 6.448464e+00
1.187246e-02 5.769135e+00
1.332112e-02 5.369835e+00
1.494654e-02 4.669708e+00
1.677030e-02 4.167058e+00
1.881658e-02 3.939958e+00
2.111255e-02 3.445702e+00
2.368867e-02 3.074650e+00
2.657913e-02 2.835002e+00
2.982227e-02 2.573274e+00
3.346114e-02 2.467256e+00
3.754402e-02 2.192008e+00
4.212508e-02 1.961872e+00
4.726512e-02 1.893618e+00
5.303234e-02 1.762988e+00
5.950326e-02 1.585854e+00
6.676376e-02 1.494011e+00
7.491017e-02 1.330380e+00
8.405059e-02 1.200162e+00
9.430631e-02 1.164459e+00
1.058134e-01 1.108381e+00
1.187246e-01 1.074858e+00
1.332112e-01 9.938105e-01
1.494654e-01 9.333609e-01
1.677030e-01 8.665411e-01
1.881658e-01 8.525811e-01
2.111255e-01 8.133173e-01
2.368867e-01 7.563859e-01
2.657913e-01 7.750531e-01
2.982227e-01 7.524788e-01
3.346114e-01 7.051527e-01
3.754402e-01 7.119400e-01
4.212508e-01 6.479123e-01
4.726512e-01 6.670825e-01
5.303234e-01 6.087793e-01
5.950326e-01 6.066221e-01
6.676376e-01 5.947437e-01
7.491017e-01 5.583423e-01
8.405059e-01 5.657906e-01
9.430631e-01 5.368479e-01
1.058134e+00 5.154669e-01
1.187246e+00 5.080349e-01
1.332112e+00 4.816559e-01
1.494654e+00 4.703976e-01
1.677030e+00 4.699717e-01
1.881658e+00 4.329340e-01
2.111255e+00 4.131964e-01
2.368867e+00 4.004008e-01
2.657913e+00 3.798838e-01
2.982227e+00 3.605494e-01
3.346114e+00 3.360501e-01
3.754402e+00 3.091933e-01
4.212508e+00 2.909629e-01
4.726512e+00 2.726369e-01
5.303234e+00 2.504033e-01
5.950326e+00 2.258857e-01
6.676376e+00 2.103188e-01
7.491017e+00 1.891735e-01
8.405059e+00 1.696339e-01
9.430631e+00 1.515546e-01
1.058134e+01 1.344907e-01
1.187246e+01 1.183879e-01
1.332112e+01 1.027567e-01
1.494654e+01 8.898582e-02
1.677030e+01 7.488799e-02
1.881658e+01 6.241189e-02
2.111255e+01 5.138537e-02
2.368867e+01 4.294249e-02
2.657913e+01 3.398737e-02
2.982227e+01 2.639934e-02
3.346114e+01 2.057085e-02
3.754402e+01 1.567008e-02
4.212508e+01 1.180008e-02
4.726512e+01 8.378938e-03
5.303234e+01 6.172914e-03
5.950326e+01 4.179827e-03
6.676376e+01 2.725367e-03
7.491017e+01 1.727871e-03
8.405059e+01 1.016316e-03
9.430631e+01 5.145713e-04
1.058134e+02 2.403817e-04
1.187246e+02 8.920589e-05
1.332112e+02 3.128059e-05
1.494654e+02 2.904048e-06
1.677030e+02 5.176470e-07
