# E  dN/dE  [GeV  ph/GeV]
6.115263e-07 0.000000e+00
6.861437e-07 0.000000e+00
7.698659e-07 0.000000e+00
8.638038e-07 1.004985e+02
9.692038e-07 0.000000e+00
1.087465e-06 1.596575e+02
1.220155e-06 0.000000e+00
1.369037e-06 0.000000e+00
1.536085e-06 0.000000e+00
1.723515e-06 1.007371e+02
1.933816e-06 4.489101e+01
2.169777e-06 8.001831e+01
2.434530e-06 0.000000e+00
2.731587e-06 0.000000e+00
3.064892e-06 0.000000e+00
3.438865e-06 0.000000e+00
3.858470e-06 8.999520e+01
4.329274e-06 4.010415e+01
4.857526e-06 8.935716e+01
5.450234e-06 1.274234e+02
6.115263e-06 4.258735e+01
6.861437e-06 7.591203e+01
7.698659e-06 1.127611e+02
8.638038e-06 1.306480e+02
9.692038e-06 2.149664e+02
1.087465e-05 2.235205e+02
1.220155e-05 2.632456e+02
1.369037e-05 2.346179e+02
1.536085e-05 2.599664e+02
1.723515e-05 3.273955e+02
1.933816e-05 3.097480e+02
2.169777e-05 3.360769e+02
2.434530e-05 3.280554e+02
2.731587e-05 3.877209e+02
3.064892e-05 3.852106e+02
3.438865e-05 4.569177e+02
3.858470e-05 4.724748e+02
4.329274e-05 4.652082e+02
4.857526e-05 4.682315e+02
5.450234e-05 5.049154e+02
6.115263e-05 4.343910e+02
6.861437e-05 4.352290e+02
7.698659e-05 4.499169e+02
8.638038e-05 4.050088e+02
9.692038e-05 4.057491e+02
1.087465e-04 3.767917e+02
1.220155e-04 3.372389e+02
1.369037e-04 3.100761e+02
1.536085e-04 3.023522e+02
1.723515e-04 2.609090e+02
1.933816e-04 2.697950e+02
2.169777e-04 2.360540e+02
2.434530e-04 2.303519e+02
2.731587e-04 2.011699e+02
3.064892e-04 1.957210e+02
3.438865e-04 1.633291e+02
3.858470e-04 1.527669e+02
4.329274e-04 1.491875e+02
4.857526e-04 1.263510e+02
5.450234e-04 1.263085e+02
6.115263e-04 1.129984e+02
6.861437e-04 1.017221e+02
7.698659e-04 9.415553e+01
8.638038e-04 8.582568e+01
9.692038e-04 7.487997e+01
1.087465e-03 6.921153e+01
1.220155e-03 6.417500e+01
1.369037e-03 6.157134e+01
1.536085e-03 5.193676e+01
1.723515e-03 4.598648e+01
1.933816e-03 3.950409e+01
2.169777e-03 3.696846e+01
2.434530e-03 3.426753e+01
2.731587e-03 2.961933e+01
3.064892e-03 2.840929e+01
3.438865e-03 2.360321e+01
3.858470e-03 2.135136e+01
4.329274e-03 1.818723e+01
4.857526e-03 1.783569e+01
5.450234e-03 1.525896e+01
6.115263e-03 1.310271e+01
6.861437e-03 1.158924e+01
7.698659e-03 1.062210e+01
8.638038e-03 1.012019e+01
9.692038e-03 8.643441e+00
1.087465e-02 7.424074e+00
1.220155e-02 7.086287e+00
1.369037e-02 5.998608e+00
1.536085e-02 5.419734e+00
1.723515e-02 4.638943e+00
1.933816e-02 4.323004e+00
2.169777e-02 3.836878e+00
2.434530e-02 3.416055e+00
2.731587e-02 3.171684e+00
3.064892e-02 2.838096e+00
3.438865e-02 2.494114e+00
3.858470e-02 2.342125e+00
4.329274e-02 2.091432e+00
4.857526e-02 1.917605e+00
5.450234e-02 1.707474e+00
6.115263e-02 1.503333e+00
6.861437e-02 1.374008e+00
7.698659e-02 1.255031e+00
8.638038e-02 1.156737e+00
9.692038e-02 1.039004e+00
1.087465e-01 9.539537e-01
1.220155e-01 8.879202e-01
1.369037e-01 7.913597e-01
1.536085e-01 7.539025e-01
1.723515e-01 6.719163e-01
1.933816e-01 6.607957e-01
2.169777e-01 5.905351e-01
2.434530e-01 5.466401e-01
2.731587e-01 5.148425e-01
3.064892e-01 4.580041e-01
3.438865e-01 4.480822e-01
3.858470e-01 4.094782e-01
4.329274e-01 4.012421e-01
4.857526e-01 3.829848e-01
5.450234e-01 3.564671e-01
6.115263e-01 3.442478e-01
6.861437e-01 3.142758e-01
7.698659e-01 3.108824e-01
8.638038e-01 3.011939e-01
9.692038e-01 2.811582e-01
1.087465e+00 2.762075e-01
1.220155e+00 2.599728e-01
1.369037e+00 2.571285e-01
1.536085e+00 2.496242e-01
1.723515e+00 2.334582e-01
1.933816e+00 2.310091e-01
2.169777e+00 2.249715e-01
2.434530e+00 2.181568e-01
2.731587e+00 2.097189e-01
3.064892e+00 2.020656e-01
3.438865e+00 1.993019e-01
3.858470e+00 1.916898e-01
4.329274e+00 1.826343e-01
4.857526e+00 1.715479e-01
5.450234e+00 1.660965e-01
6.115263e+00 1.573461e-01
6.861437e+00 1.481170e-01
7.698659e+00 1.381549e-01
8.638038e+00 1.328992e-01
9.692038e+00 1.242237e-01
1.087465e+01 1.154005e-01
1.220155e+01 1.063868e-01
1.369037e+01 9.813368e-02
1.536085e+01 8.995402e-02
1.723515e+01 8.132505e-02
1.933816e+01 7.351801e-02
2.169777e+01 6.671927e-02
2.434530e+01 5.889664e-02
2.731587e+01 5.242177e-02
3.064892e+01 4.548035e-02
3.438865e+01 3.979223e-02
3.858470e+01 3.457841e-02
4.329274e+01 2.945249e-02
4.857526e+01 2.438736e-02
5.450234e+01 2.011379e-02
6.115263e+01 1.614628e-02
6.861437e+01 1.297843e-02
7.698659e+01 1.034583e-02
8.638038e+01 8.121280e-03
9.692038e+01 6.079967e-03
1.087465e+02 4.593347e-03
1.220155e+02 3.367409e-03
1.369037e+02 2.409589e-03
1.536085e+02 1.625355e-03
1.723515e+02 1.064287e-03
1.933816e+02 6.733651e-04
2.169777e+02 4.036924e-04
2.434530e+02 2.089570e-04
2.731587e+02 9.851924e-05
3.064892e+02 4.050377e-05
3.438865e+02 1.464156e-05
3.858470e+02 3.149832e-06
4.329274e+02 2.005208e-07
