# E  dN/dE  [GeV  ph/GeV]
6.688944e-08 0.000000e+00
7.505118e-08 1.156690e+03
8.420881e-08 0.000000e+00
9.448384e-08 0.000000e+00
1.060126e-07 0.000000e+00
1.189481e-07 0.000000e+00
1.334620e-07 0.000000e+00
1.497468e-07 0.000000e+00
1.680187e-07 0.000000e+00
1.885200e-07 0.000000e+00
2.115230e-07 0.000000e+00
2.373327e-07 0.000000e+00
2.662916e-07 0.000000e+00
2.987841e-07 0.000000e+00
3.352413e-07 5.179012e+02
3.761469e-07 0.000000e+00
4.220438e-07 0.000000e+00
4.735409e-07 0.000000e+00
5.313217e-07 0.000000e+00
5.961527e-07 1.456186e+02
6.688944e-07 0.000000e+00
7.505118e-07 1.156690e+02
8.420881e-07 0.000000e+00
9.448384e-07 0.000000e+00
1.060126e-06 0.000000e+00
1.189481e-06 7.298220e+01
1.334620e-06 0.000000e+00
1.497468e-06 1.739155e+02
1.680187e-06 3.100046e+02
1.885200e-06 4.604866e+01
2.115230e-06 5.335318e+02
2.373327e-06 1.828887e+02
2.662916e-06 9.779985e+01
2.987841e-06 3.777116e+02
3.352413e-06 5.179012e+02
3.761469e-06 5.769750e+02
4.220438e-06 5.759370e+02
4.735409e-06 8.799504e+02
5.313217e-06 8.005953e+02
5.961527e-06 8.445881e+02
6.688944e-06 8.046530e+02
7.505118e-06 1.041021e+03
8.420881e-06 1.041210e+03
9.448384e-06 1.029046e+03
1.060126e-05 1.138235e+03
1.189481e-05 1.262592e+03
1.334620e-05 1.177323e+03
1.497468e-05 1.385527e+03
1.680187e-05 1.317520e+03
1.885200e-05 1.413694e+03
2.115230e-05 1.153249e+03
2.373327e-05 1.152199e+03
2.662916e-05 1.088838e+03
2.987841e-05 9.994830e+02
3.352413e-05 8.985586e+02
3.761469e-05 9.093125e+02
4.220438e-05 8.453932e+02
4.735409e-05 7.167929e+02
5.313217e-05 6.862245e+02
5.961527e-05 5.693689e+02
6.688944e-05 4.957701e+02
7.505118e-05 5.216672e+02
8.420881e-05 4.566891e+02
9.448384e-05 3.932427e+02
1.060126e-04 3.422892e+02
1.189481e-04 3.539637e+02
1.334620e-04 2.816468e+02
1.497468e-04 2.666704e+02
1.680187e-04 2.402536e+02
1.885200e-04 2.049165e+02
2.115230e-04 1.785279e+02
2.373327e-04 1.803283e+02
2.662916e-04 1.463738e+02
2.987841e-04 1.403344e+02
3.352413e-04 1.139383e+02
3.761469e-04 1.190876e+02
4.220438e-04 9.132715e+01
4.735409e-04 8.854501e+01
5.313217e-04 6.764213e+01
5.961527e-04 6.858638e+01
6.688944e-04 5.905115e+01
7.505118e-04 4.973767e+01
8.420881e-04 4.412256e+01
9.448384e-04 4.024307e+01
1.060126e-03 3.619422e+01
1.189481e-03 3.430163e+01
1.334620e-03 3.343336e+01
1.497468e-03 2.562355e+01
1.680187e-03 2.480037e+01
1.885200e-03 2.182706e+01
2.115230e-03 2.023317e+01
2.373327e-03 1.781336e+01
2.662916e-03 1.672378e+01
2.987841e-03 1.446926e+01
3.352413e-03 1.170457e+01
3.761469e-03 1.257805e+01
4.220438e-03 1.063427e+01
4.735409e-03 9.642790e+00
5.313217e-03 8.414420e+00
5.961527e-03 8.416757e+00
6.688944e-03 7.670160e+00
7.505118e-03 6.847604e+00
8.420881e-03 6.041080e+00
9.448384e-03 5.613816e+00
1.060126e-02 5.265358e+00
1.189481e-02 4.765738e+00
1.334620e-02 4.754823e+00
1.497468e-02 4.307306e+00
1.680187e-02 4.247064e+00
1.885200e-02 3.854272e+00
2.115230e-02 3.496685e+00
2.373327e-02 3.694352e+00
2.662916e-02 3.048095e+00
2.987841e-02 3.097235e+00
3.352413e-02 2.928731e+00
3.761469e-02 2.824869e+00
4.220438e-02 2.770668e+00
4.735409e-02 2.656350e+00
5.313217e-02 2.641964e+00
5.961527e-02 2.629873e+00
6.688944e-02 2.408768e+00
7.505118e-02 2.383938e+00
8.420881e-02 2.323651e+00
9.448384e-02 2.278603e+00
1.060126e-01 2.117608e+00
1.189481e-01 2.152245e+00
1.334620e-01 2.104220e+00
1.497468e-01 2.051043e+00
1.680187e-01 1.992297e+00
1.885200e-01 2.026601e+00
2.115230e-01 1.968732e+00
2.373327e-01 1.932768e+00
2.662916e-01 1.879061e+00
2.987841e-01 1.764204e+00
3.352413e-01 1.747399e+00
3.761469e-01 1.706461e+00
4.220438e-01 1.625788e+00
4.735409e-01 1.559162e+00
5.313217e-01 1.503159e+00
5.961527e-01 1.434052e+00
6.688944e-01 1.395294e+00
7.505118e-01 1.312612e+00
8.420881e-01 1.250174e+00
9.448384e-01 1.172562e+00
1.060126e+00 1.083698e+00
1.189481e+00 1.014380e+00
1.334620e+00 9.464114e-01
1.497468e+00 8.745629e-01
1.680187e+00 8.041521e-01
1.885200e+00 7.343379e-01
2.115230e+00 6.675714e-01
2.373327e+00 5.992898e-01
2.662916e+00 5.336286e-01
2.987841e+00 4.707158e-01
3.352413e+00 4.096081e-01
3.761469e+00 3.595246e-01
4.220438e+00 3.090313e-01
4.735409e+00 2.587054e-01
5.313217e+00 2.180397e-01
5.961527e+00 1.799992e-01
6.688944e+00 1.473294e-01
7.505118e+00 1.181096e-01
8.420881e+00 9.145123e-02
9.448384e+00 7.148198e-02
1.060126e+01 5.451243e-02
1.189481e+01 4.171663e-02
1.334620e+01 2.881514e-02
1.497468e+01 2.028434e-02
1.680187e+01 1.429121e-02
1.885200e+01 9.145263e-03
2.115230e+01 5.355838e-03
2.373327e+01 2.984744e-03
2.662916e+01 1.646298e-03
2.987841e+01 7.002192e-04
3.352413e+01 2.900247e-04
3.761469e+01 7.616069e-05
4.220438e+01 1.028459e-05
4.735409e+01 0.000000e+00
