# E  dN/dE  [GeV  ph/GeV]
7.239688e-08 0.000000e+00
8.123063e-08 0.000000e+00
9.114227e-08 0.000000e+00
1.022633e-07 0.000000e+00
1.147413e-07 0.000000e+00
1.287419e-07 0.000000e+00
1.444508e-07 0.000000e+00
1.620764e-07 0.000000e+00
1.818527e-07 0.000000e+00
2.040421e-07 0.000000e+00
2.289390e-07 0.000000e+00
2.568738e-07 0.000000e+00
2.882172e-07 6.023995e+02
3.233850e-07 0.000000e+00
3.628439e-07 0.000000e+00
4.071176e-07 0.000000e+00
4.567934e-07 0.000000e+00
5.125306e-07 0.000000e+00
5.750688e-07 0.000000e+00
6.452379e-07 0.000000e+00
7.239688e-07 0.000000e+00
8.123063e-07 0.000000e+00
9.114227e-07 0.000000e+00
1.022633e-06 0.000000e+00
1.147413e-06 7.565796e+01
1.287419e-06 0.000000e+00
1.444508e-06 0.000000e+00
1.620764e-06 5.356174e+01
1.818527e-06 4.773695e+01
2.040421e-06 1.701824e+02
2.289390e-06 2.654316e+02
2.568738e-06 1.689759e+02
2.882172e-06 4.216797e+02
3.233850e-06 2.147557e+02
3.628439e-06 5.502784e+02
4.071176e-06 5.757294e+02
4.567934e-06 5.321238e+02
5.125306e-06 1.033200e+03
5.750688e-06 7.547874e+02
6.452379e-06 7.668837e+02
7.239688e-06 8.153866e+02
8.123063e-06 9.083926e+02
9.114227e-06 9.715269e+02
1.022633e-05 1.129032e+03
1.147413e-05 9.986851e+02
1.287419e-05 1.375577e+03
1.444508e-05 1.225984e+03
1.620764e-05 1.039098e+03
1.818527e-05 1.212518e+03
2.040421e-05 1.170004e+03
2.289390e-05 1.126189e+03
2.568738e-05 1.071307e+03
2.882172e-05 9.879353e+02
3.233850e-05 9.234494e+02
3.628439e-05 8.278101e+02
4.071176e-05 7.932272e+02
4.567934e-05 8.019866e+02
5.125306e-05 7.096900e+02
5.750688e-05 6.370406e+02
6.452379e-05 5.704538e+02
7.239688e-05 5.539832e+02
8.123063e-05 4.841198e+02
9.114227e-05 4.743337e+02
1.022633e-04 3.752122e+02
1.147413e-04 3.283556e+02
1.287419e-04 2.960187e+02
1.444508e-04 2.686347e+02
1.620764e-04 2.763786e+02
1.818527e-04 2.348658e+02
2.040421e-04 2.106007e+02
2.289390e-04 1.778392e+02
2.568738e-04 1.615409e+02
2.882172e-04 1.412627e+02
3.233850e-04 1.285850e+02
3.628439e-04 1.155585e+02
4.071176e-04 9.979310e+01
4.567934e-04 9.388184e+01
5.125306e-04 7.960723e+01
5.750688e-04 7.200672e+01
6.452379e-04 5.946712e+01
7.239688e-04 5.839607e+01
8.123063e-04 5.557225e+01
9.114227e-04 4.190900e+01
1.022633e-03 4.125636e+01
1.147413e-03 3.676977e+01
1.287419e-03 3.277109e+01
1.444508e-03 2.992843e+01
1.620764e-03 2.715580e+01
1.818527e-03 2.420263e+01
2.040421e-03 2.152807e+01
2.289390e-03 1.725306e+01
2.568738e-03 1.838457e+01
2.882172e-03 1.596359e+01
3.233850e-03 1.361014e+01
3.628439e-03 1.277603e+01
4.071176e-03 1.106680e+01
4.567934e-03 9.882299e+00
5.125306e-03 9.417366e+00
5.750688e-03 8.106417e+00
6.452379e-03 7.372847e+00
7.239688e-03 7.086669e+00
8.123063e-03 6.209130e+00
9.114227e-03 6.010132e+00
1.022633e-02 5.687605e+00
1.147413e-02 4.895070e+00
1.287419e-02 4.551541e+00
1.444508e-02 4.399119e+00
1.620764e-02 4.290295e+00
1.818527e-02 3.909656e+00
2.040421e-02 3.680194e+00
2.289390e-02 3.204139e+00
2.568738e-02 3.305168e+00
2.882172e-02 3.168622e+00
3.233850e-02 2.869673e+00
3.628439e-02 2.835130e+00
4.071176e-02 2.784824e+00
4.567934e-02 2.630212e+00
5.125306e-02 2.496618e+00
5.750688e-02 2.457588e+00
6.452379e-02 2.318141e+00
7.239688e-02 2.197946e+00
8.123063e-02 2.218615e+00
9.114227e-02 2.057351e+00
1.022633e-01 2.000000e+00
1.147413e-01 2.027633e+00
1.287419e-01 2.002678e+00
1.444508e-01 1.971791e+00
1.620764e-01 1.906262e+00
1.818527e-01 1.876539e+00
2.040421e-01 1.854137e+00
2.289390e-01 1.760570e+00
2.568738e-01 1.712739e+00
2.882172e-01 1.678888e+00
3.233850e-01 1.686906e+00
3.628439e-01 1.621886e+00
4.071176e-01 1.577712e+00
4.567934e-01 1.535177e+00
5.125306e-01 1.459861e+00
5.750688e-01 1.392432e+00
6.452379e-01 1.335185e+00
7.239688e-01 1.284114e+00
8.123063e-01 1.220345e+00
9.114227e-01 1.154783e+00
1.022633e+00 1.088115e+00
1.147413e+00 1.027359e+00
1.287419e+00 9.573744e-01
1.444508e+00 8.788022e-01
1.620764e+00 8.188518e-01
1.818527e+00 7.475129e-01
2.040421e+00 6.839205e-01
2.289390e+00 6.128058e-01
2.568738e+00 5.501854e-01
2.882172e+00 4.993290e-01
3.233850e+00 4.365714e-01
3.628439e+00 3.818693e-01
4.071176e+00 3.254364e-01
4.567934e+00 2.852944e-01
5.125306e+00 2.408373e-01
5.750688e+00 2.013320e-01
6.452379e+00 1.677861e-01
7.239688e+00 1.358698e-01
8.123063e+00 1.080667e-01
9.114227e+00 8.561819e-02
1.022633e+01 6.575551e-02
1.147413e+01 5.055465e-02
1.287419e+01 3.714731e-02
1.444508e+01 2.680939e-02
1.620764e+01 1.916439e-02
1.818527e+01 1.301309e-02
2.040421e+01 8.066646e-03
2.289390e+01 5.160749e-03
2.568738e+01 2.970595e-03
2.882172e+01 1.448771e-03
3.233850e+01 5.852092e-04
3.628439e+01 2.416440e-04
4.071176e+01 6.396993e-05
4.567934e+01 7.601768e-06
5.125306e+01 0.000000e+00
