# E  dN/dE  [GeV  ph/GeV]
1.867063e-07 0.000000e+00
2.094880e-07 0.000000e+00
2.350494e-07 0.000000e+00
2.637297e-07 0.000000e+00
2.959096e-07 0.000000e+00
3.320160e-07 0.000000e+00
3.725281e-07 0.000000e+00
4.179834e-07 0.000000e+00
4.689851e-07 0.000000e+00
5.262099e-07 0.000000e+00
5.904173e-07 0.000000e+00
6.624591e-07 0.000000e+00
7.432913e-07 0.000000e+00
8.339866e-07 0.000000e+00
9.357483e-07 0.000000e+00
1.049927e-06 0.000000e+00
1.178037e-06 0.000000e+00
1.321780e-06 0.000000e+00
1.483061e-06 0.000000e+00
1.664022e-06 0.000000e+00
1.867063e-06 0.000000e+00
2.094880e-06 0.000000e+00
2.350494e-06 0.000000e+00
2.637297e-06 0.000000e+00
2.959096e-06 0.000000e+00
3.320160e-06 0.000000e+00
3.725281e-06 0.000000e+00
4.179834e-06 0.000000e+00
4.689851e-06 0.000000e+00
5.262099e-06 0.000000e+00
5.904173e-06 0.000000e+00
6.624591e-06 0.000000e+00
7.432913e-06 0.000000e+00
8.339866e-06 0.000000e+00
9.357483e-06 0.000000e+00
1.049927e-05 0.000000e+00
1.178037e-05 0.000000e+00
1.321780e-05 0.000000e+00
1.483061e-05 0.000000e+00
1.664022e-05 0.000000e+00
1.867063e-05 0.000000e+00
2.094880e-05 0.000000e+00
2.350494e-05 0.000000e+00
2.637297e-05 3.291663e+00
2.959096e-05 0.000000e+00
3.320160e-05 0.000000e+00
3.725281e-05 0.000000e+00
4.179834e-05 0.000000e+00
4.689851e-05 0.000000e+00
5.262099e-05 0.000000e+00
5.904173e-05 0.000000e+00
6.624591e-05 0.000000e+00
7.432913e-05 0.000000e+00
8.339866e-05 0.000000e+00
9.357483e-05 0.000000e+00
1.049927e-04 0.000000e+00
1.178037e-04 0.000000e+00
1.321780e-04 0.000000e+00
1.483061e-04 0.000000e+00
1.664022e-04 0.000000e+00
1.867063e-04 0.000000e+00
2.094880e-04 1.243188e+00
2.350494e-04 0.000000e+00
2.637297e-04 0.000000e+00
2.959096e-04 5.867396e-01
3.320160e-04 0.000000e+00
3.725281e-04 2.330319e-01
4.179834e-04 0.000000e+00
4.689851e-04 3.702077e-01
5.262099e-04 1.649740e-01
5.904173e-04 1.470332e-01
6.624591e-04 5.241739e-01
7.432913e-04 5.839631e-01
8.339866e-04 6.245492e-01
9.357483e-04 6.494018e-01
1.049927e-03 8.268285e-01
1.178037e-03 1.326441e+00
1.321780e-03 2.035997e+00
1.483061e-03 1.931654e+00
1.664022e-03 3.130161e+00
1.867063e-03 3.580191e+00
2.094880e-03 4.806992e+00
2.350494e-03 6.020091e+00
2.637297e-03 6.912493e+00
2.959096e-03 9.299823e+00
3.320160e-03 9.412780e+00
3.725281e-03 1.139526e+01
4.179834e-03 1.362446e+01
4.689851e-03 1.495639e+01
5.262099e-03 1.723978e+01
5.904173e-03 1.971715e+01
6.624591e-03 2.252637e+01
7.432913e-03 2.439798e+01
8.339866e-03 2.668907e+01
9.357483e-03 2.977043e+01
1.049927e-02 3.213055e+01
1.178037e-02 3.519490e+01
1.321780e-02 3.769221e+01
1.483061e-02 4.047693e+01
1.664022e-02 4.338925e+01
1.867063e-02 4.695164e+01
2.094880e-02 4.903546e+01
2.350494e-02 5.278105e+01
2.637297e-02 5.442436e+01
2.959096e-02 5.780265e+01
3.320160e-02 5.959074e+01
3.725281e-02 6.134332e+01
4.179834e-02 6.293212e+01
4.689851e-02 6.453830e+01
5.262099e-02 6.609352e+01
5.904173e-02 6.576648e+01
6.624591e-02 6.631193e+01
7.432913e-02 6.611280e+01
8.339866e-02 6.589307e+01
9.357483e-02 6.519344e+01
1.049927e-01 6.384191e+01
1.178037e-01 6.276498e+01
1.321780e-01 6.096497e+01
1.483061e-01 5.865790e+01
1.664022e-01 5.640446e+01
1.867063e-01 5.389396e+01
2.094880e-01 5.114681e+01
2.350494e-01 4.836496e+01
2.637297e-01 4.545228e+01
2.959096e-01 4.252190e+01
3.320160e-01 3.952426e+01
3.725281e-01 3.651354e+01
4.179834e-01 3.347297e+01
4.689851e-01 3.059470e+01
5.262099e-01 2.765591e+01
5.904173e-01 2.471819e+01
6.624591e-01 2.220217e+01
7.432913e-01 1.956440e+01
8.339866e-01 1.716969e+01
9.357483e-01 1.495025e+01
1.049927e+00 1.294135e+01
1.178037e+00 1.106591e+01
1.321780e+00 9.376685e+00
1.483061e+00 7.915743e+00
1.664022e+00 6.689676e+00
1.867063e+00 5.623736e+00
2.094880e+00 4.679275e+00
2.350494e+00 3.879007e+00
2.637297e+00 3.205685e+00
2.959096e+00 2.606620e+00
3.320160e+00 2.101612e+00
3.725281e+00 1.697008e+00
4.179834e+00 1.338686e+00
4.689851e+00 1.056850e+00
5.262099e+00 8.286807e-01
5.904173e+00 6.346835e-01
6.624591e+00 4.818469e-01
7.432913e+00 3.650938e-01
8.339866e+00 2.685353e-01
9.357483e+00 1.948205e-01
1.049927e+01 1.386757e-01
1.178037e+01 9.825243e-02
1.321780e+01 7.078045e-02
1.483061e+01 4.738991e-02
1.664022e+01 3.182330e-02
1.867063e+01 2.039314e-02
2.094880e+01 1.288771e-02
2.350494e+01 8.557393e-03
2.637297e+01 5.134995e-03
2.959096e+01 3.147858e-03
3.320160e+01 1.691686e-03
3.725281e+01 9.903857e-04
4.179834e+01 4.963789e-04
4.689851e+01 2.702516e-04
5.262099e+01 1.303294e-04
5.904173e+01 7.057594e-05
6.624591e+01 2.358783e-05
7.432913e+01 5.839631e-06
8.339866e+01 4.163662e-06
9.357483e+01 1.855434e-06
1.049927e+02 8.268285e-07
1.178037e+02 0.000000e+00
1.321780e+02 0.000000e+00
