# E  dN/dE  [GeV  ph/GeV]
7.429048e-07 0.000000e+00
8.335529e-07 0.000000e+00
9.352617e-07 0.000000e+00
1.049381e-06 0.000000e+00
1.177425e-06 0.000000e+00
1.321092e-06 0.000000e+00
1.482290e-06 0.000000e+00
1.663157e-06 0.000000e+00
1.866092e-06 0.000000e+00
2.093790e-06 0.000000e+00
2.349271e-06 0.000000e+00
2.635926e-06 0.000000e+00
2.957557e-06 0.000000e+00
3.318434e-06 0.000000e+00
3.723344e-06 0.000000e+00
4.177661e-06 0.000000e+00
4.687412e-06 0.000000e+00
5.259363e-06 0.000000e+00
5.901103e-06 0.000000e+00
6.621146e-06 0.000000e+00
7.429048e-06 0.000000e+00
8.335529e-06 1.041457e+01
9.352617e-06 0.000000e+00
1.049381e-05 0.000000e+00
1.177425e-05 0.000000e+00
1.321092e-05 0.000000e+00
1.482290e-05 5.856543e+00
1.663157e-05 0.000000e+00
1.866092e-05 0.000000e+00
2.093790e-05 0.000000e+00
2.349271e-05 0.000000e+00
2.635926e-05 0.000000e+00
2.957557e-05 0.000000e+00
3.318434e-05 0.000000e+00
3.723344e-05 2.331532e+00
4.177661e-05 0.000000e+00
4.687412e-05 0.000000e+00
5.259363e-05 1.650598e+00
5.901103e-05 0.000000e+00
6.621146e-05 0.000000e+00
7.429048e-05 0.000000e+00
8.335529e-05 0.000000e+00
9.352617e-05 0.000000e+00
1.049381e-04 0.000000e+00
1.177425e-04 7.372951e-01
1.321092e-04 0.000000e+00
1.482290e-04 0.000000e+00
1.663157e-04 5.219649e-01
1.866092e-04 0.000000e+00
2.093790e-04 4.146115e-01
2.349271e-04 7.390457e-01
2.635926e-04 3.293376e-01
2.957557e-04 0.000000e+00
3.318434e-04 5.232043e-01
3.723344e-04 2.331532e-01
4.177661e-04 8.311919e-01
4.687412e-04 1.111201e+00
5.259363e-04 8.252990e-01
5.901103e-04 1.471097e+00
6.621146e-04 2.228898e+00
7.429048e-04 1.986508e+00
8.335529e-04 3.020225e+00
9.352617e-04 3.063058e+00
1.049381e-03 3.722664e+00
1.177425e-03 3.170369e+00
1.321092e-03 5.256919e+00
1.482290e-03 6.910721e+00
1.663157e-03 6.733348e+00
1.866092e-03 8.513192e+00
2.093790e-03 8.333691e+00
2.349271e-03 9.718451e+00
2.635926e-03 9.715459e+00
2.957557e-03 1.165284e+01
3.318434e-03 1.352483e+01
3.723344e-03 1.473528e+01
4.177661e-03 1.687320e+01
4.687412e-03 1.957566e+01
5.259363e-03 2.114416e+01
5.901103e-03 2.316978e+01
6.621146e-03 2.470144e+01
7.429048e-03 2.936526e+01
8.335529e-03 3.168112e+01
9.352617e-03 3.495599e+01
1.049381e-02 3.802908e+01
1.177425e-02 4.033741e+01
1.321092e-02 4.402013e+01
1.482290e-02 4.757855e+01
1.663157e-02 5.086026e+01
1.866092e-02 5.475424e+01
2.093790e-02 5.722468e+01
2.349271e-02 6.132971e+01
2.635926e-02 6.324270e+01
2.957557e-02 6.692605e+01
3.318434e-02 6.893478e+01
3.723344e-02 7.182517e+01
4.177661e-02 7.275631e+01
4.687412e-02 7.458565e+01
5.259363e-02 7.628899e+01
5.901103e-02 7.642790e+01
6.621146e-02 7.664919e+01
7.429048e-02 7.632396e+01
8.335529e-02 7.639607e+01
9.352617e-02 7.541435e+01
1.049381e-01 7.435649e+01
1.177425e-01 7.252182e+01
1.321092e-01 7.071871e+01
1.482290e-01 6.842550e+01
1.663157e-01 6.548781e+01
1.866092e-01 6.292784e+01
2.093790e-01 5.963398e+01
2.349271e-01 5.682818e+01
2.635926e-01 5.344655e+01
2.957557e-01 4.995605e+01
3.318434e-01 4.674229e+01
3.723344e-01 4.337465e+01
4.177661e-01 4.020808e+01
4.687412e-01 3.675834e+01
5.259363e-01 3.371809e+01
5.901103e-01 3.083699e+01
6.621146e-01 2.794973e+01
7.429048e-01 2.512769e+01
8.335529e-01 2.265731e+01
9.352617e-01 2.041259e+01
1.049381e+00 1.815767e+01
1.177425e+00 1.627107e+01
1.321092e+00 1.439752e+01
1.482290e+00 1.269195e+01
1.663157e+00 1.123180e+01
1.866092e+00 9.880652e+00
2.093790e+00 8.662146e+00
2.349271e+00 7.515947e+00
2.635926e+00 6.528064e+00
2.957557e+00 5.620045e+00
3.318434e+00 4.808065e+00
3.723344e+00 4.100838e+00
4.177661e+00 3.487494e+00
4.687412e+00 2.924533e+00
5.259363e+00 2.449454e+00
5.901103e+00 2.046016e+00
6.621146e+00 1.697057e+00
7.429048e+00 1.411227e+00
8.335529e+00 1.157298e+00
9.352617e+00 9.507269e-01
1.049381e+01 7.760348e-01
1.177425e+01 6.226383e-01
1.321092e+01 5.015495e-01
1.482290e+01 3.979345e-01
1.663157e+01 3.133877e-01
1.866092e+01 2.426725e-01
2.093790e+01 1.887685e-01
2.349271e+01 1.424991e-01
2.635926e+01 1.077197e-01
2.957557e+01 8.129398e-02
3.318434e+01 5.953804e-02
3.723344e+01 4.263905e-02
4.177661e+01 3.105125e-02
4.687412e+01 2.181473e-02
5.259363e+01 1.496927e-02
5.901103e+01 1.007996e-02
6.621146e+01 6.727339e-03
7.429048e+01 4.440429e-03
8.335529e+01 2.744239e-03
9.352617e+01 1.688395e-03
1.049381e+02 1.034901e-03
1.177425e+02 6.244889e-04
1.321092e+02 3.686415e-04
1.482290e+02 1.903376e-04
1.663157e+02 1.101346e-04
1.866092e+02 5.861542e-05
2.093790e+02 2.694975e-05
2.349271e+02 1.588948e-05
2.635926e+02 6.586752e-06
2.957557e+02 4.402837e-06
3.318434e+02 2.092817e-06
3.723344e+02 1.165766e-06
4.177661e+02 8.311919e-07
4.687412e+02 0.000000e+00
5.259363e+02 0.000000e+00
