# E  dN/dE  [GeV  ph/GeV]
7.579469e-06 0.000000e+00
8.504304e-06 0.000000e+00
9.541986e-06 0.000000e+00
1.070628e-05 0.000000e+00
1.201265e-05 0.000000e+00
1.347841e-05 6.440739e+00
1.512303e-05 0.000000e+00
1.696832e-05 0.000000e+00
1.903877e-05 0.000000e+00
2.136185e-05 0.000000e+00
2.396839e-05 0.000000e+00
2.689297e-05 0.000000e+00
3.017441e-05 0.000000e+00
3.385624e-05 0.000000e+00
3.798733e-05 0.000000e+00
4.262249e-05 0.000000e+00
4.782322e-05 1.815247e+00
5.365853e-05 0.000000e+00
6.020586e-05 0.000000e+00
6.755209e-05 0.000000e+00
7.579469e-05 0.000000e+00
8.504304e-05 0.000000e+00
9.541986e-05 0.000000e+00
1.070628e-04 0.000000e+00
1.201265e-04 0.000000e+00
1.347841e-04 6.440739e-01
1.512303e-04 1.148063e+00
1.696832e-04 1.023212e+00
1.903877e-04 1.367908e+00
2.136185e-04 4.063832e-01
2.396839e-04 3.621894e-01
2.689297e-04 6.456032e-01
3.017441e-04 2.301578e+00
3.385624e-04 7.692313e-01
3.798733e-04 1.371156e+00
4.262249e-04 2.444089e+00
4.782322e-04 2.541346e+00
5.365853e-04 3.882817e+00
6.020586e-04 3.893135e+00
6.755209e-04 5.140385e+00
7.579469e-04 4.466839e+00
8.504304e-04 3.981074e+00
9.541986e-04 7.369206e+00
1.070628e-03 7.540821e+00
1.201265e-03 8.599687e+00
1.347841e-03 8.888220e+00
1.512303e-03 1.084919e+01
1.696832e-03 1.171578e+01
1.903877e-03 1.317752e+01
2.136185e-03 1.442660e+01
2.396839e-03 1.666071e+01
2.689297e-03 1.920670e+01
3.017441e-03 1.990865e+01
3.385624e-03 2.389745e+01
3.798733e-03 2.518357e+01
4.262249e-03 2.965494e+01
4.782322e-03 3.153084e+01
5.365853e-03 3.635288e+01
6.020586e-03 3.796528e+01
6.755209e-03 4.189414e+01
7.579469e-03 4.467984e+01
8.504304e-03 5.043715e+01
9.541986e-03 5.411363e+01
1.070628e-02 5.781296e+01
1.201265e-02 6.201892e+01
1.347841e-02 6.674538e+01
1.512303e-02 7.134063e+01
1.696832e-02 7.586606e+01
1.903877e-02 7.851793e+01
2.136185e-02 8.241857e+01
2.396839e-02 8.717898e+01
2.689297e-02 9.276027e+01
3.017441e-02 9.479912e+01
3.385624e-02 9.817956e+01
3.798733e-02 9.992301e+01
4.262249e-02 1.024542e+02
4.782322e-02 1.053097e+02
5.365853e-02 1.064167e+02
6.020586e-02 1.075688e+02
6.755209e-02 1.076487e+02
7.579469e-02 1.079097e+02
8.504304e-02 1.064376e+02
9.541986e-02 1.056471e+02
1.070628e-01 1.033782e+02
1.201265e-01 1.016888e+02
1.347841e-01 9.935548e+01
1.512303e-01 9.649928e+01
1.696832e-01 9.258944e+01
1.903877e-01 8.941332e+01
2.136185e-01 8.568020e+01
2.396839e-01 8.170340e+01
2.689297e-01 7.737070e+01
3.017441e-01 7.300145e+01
3.385624e-01 6.865569e+01
3.798733e-01 6.424667e+01
4.262249e-01 5.984921e+01
4.782322e-01 5.559593e+01
5.365853e-01 5.137598e+01
6.020586e-01 4.733591e+01
6.755209e-01 4.342225e+01
7.579469e-01 3.966668e+01
8.504304e-01 3.610345e+01
9.541986e-01 3.266778e+01
1.070628e+00 2.964637e+01
1.201265e+00 2.672176e+01
1.347841e+00 2.410389e+01
1.512303e+00 2.163703e+01
1.696832e+00 1.927461e+01
1.903877e+00 1.727185e+01
2.136185e+00 1.535576e+01
2.396839e+00 1.365436e+01
2.689297e+00 1.208201e+01
3.017441e+00 1.067903e+01
3.385624e+00 9.412135e+00
3.798733e+00 8.299037e+00
4.262249e+00 7.290757e+00
4.782322e+00 6.427481e+00
5.365853e+00 5.607888e+00
6.020586e+00 4.910699e+00
6.755209e+00 4.296874e+00
7.579469e+00 3.716364e+00
8.504304e+00 3.244627e+00
9.541986e+00 2.823589e+00
1.070628e+01 2.435166e+00
1.201265e+01 2.112885e+00
1.347841e+01 1.823895e+00
1.512303e+01 1.574626e+00
1.696832e+01 1.349264e+00
1.903877e+01 1.158741e+00
2.136185e+01 9.933264e-01
2.396839e+01 8.459077e-01
2.689297e+01 7.189922e-01
3.017441e+01 6.069462e-01
3.385624e+01 5.101927e-01
3.798733e+01 4.297272e-01
4.262249e+01 3.579816e-01
4.782322e+01 2.968437e-01
5.365853e+01 2.454895e-01
6.020586e+01 2.019917e-01
6.755209e+01 1.653765e-01
7.579469e+01 1.352639e-01
8.504304e+01 1.090018e-01
9.541986e+01 8.838590e-02
1.070628e+02 7.156483e-02
1.201265e+02 5.676372e-02
1.347841e+02 4.522751e-02
1.512303e+02 3.544357e-02
1.696832e+02 2.741595e-02
1.903877e+02 2.085376e-02
2.136185e+02 1.594363e-02
2.396839e+02 1.219347e-02
2.689297e+02 9.126893e-03
3.017441e+02 6.671699e-03
3.385624e+02 4.848721e-03
3.798733e+02 3.508332e-03
4.262249e+02 2.423925e-03
4.782322e+02 1.690539e-03
5.365853e+02 1.126988e-03
6.020586e+02 7.833853e-04
6.755209e+02 5.078701e-04
7.579469e+02 3.239031e-04
8.504304e+02 2.183466e-04
9.541986e+02 1.278239e-04
1.070628e+03 8.173277e-05
1.201265e+03 4.986373e-05
1.347841e+03 2.679347e-05
1.512303e+03 1.670432e-05
1.696832e+03 9.464712e-06
1.903877e+03 4.240515e-06
2.136185e+03 3.413618e-06
2.396839e+03 1.267663e-06
2.689297e+03 1.000685e-06
3.017441e+03 3.740064e-07
3.385624e+03 3.076925e-07
3.798733e+03 1.828208e-07
4.262249e+03 2.036740e-08
4.782322e+03 0.000000e+00
5.365853e+03 0.000000e+00
