# E  dN/dE  [GeV  ph/GeV]
3.541966e-07 0.000000e+00
3.974152e-07 0.000000e+00
4.459071e-07 0.000000e+00
5.003160e-07 0.000000e+00
5.613638e-07 1.546429e+02
6.298606e-07 1.378257e+02
7.067152e-07 0.000000e+00
7.929475e-07 0.000000e+00
8.897017e-07 0.000000e+00
9.982617e-07 8.696211e+01
1.120068e-06 0.000000e+00
1.256737e-06 0.000000e+00
1.410082e-06 0.000000e+00
1.582138e-06 1.646081e+02
1.775188e-06 4.890239e+01
1.991794e-06 0.000000e+00
2.234830e-06 0.000000e+00
2.507520e-06 0.000000e+00
2.813484e-06 0.000000e+00
3.156781e-06 0.000000e+00
3.541966e-06 7.352776e+01
3.974152e-06 2.184389e+01
4.459071e-06 1.946839e+01
5.003160e-06 1.735122e+01
5.613638e-06 0.000000e+00
6.298606e-06 1.378257e+01
7.067152e-06 1.228372e+01
7.929475e-06 1.094788e+01
8.897017e-06 6.830116e+01
9.982617e-06 8.696211e+01
1.120068e-05 1.162576e+02
1.256737e-05 1.312453e+02
1.410082e-05 1.723805e+02
1.582138e-05 2.798338e+02
1.775188e-05 2.542924e+02
1.991794e-05 3.050901e+02
2.234830e-05 3.690232e+02
2.507520e-05 3.462024e+02
2.813484e-05 3.733494e+02
3.156781e-05 3.574978e+02
3.541966e-05 3.602860e+02
3.974152e-05 3.997433e+02
4.459071e-05 3.445905e+02
5.003160e-05 3.470244e+02
5.613638e-05 2.938216e+02
6.298606e-05 2.563557e+02
7.067152e-05 2.800689e+02
7.929475e-05 2.736970e+02
8.897017e-05 2.614959e+02
9.982617e-05 2.061002e+02
1.120068e-04 2.100387e+02
1.256737e-04 1.844341e+02
1.410082e-04 1.674553e+02
1.582138e-04 1.810690e+02
1.775188e-04 1.540425e+02
1.991794e-04 1.538526e+02
2.234830e-04 1.344021e+02
2.507520e-04 1.287873e+02
2.813484e-04 1.147818e+02
3.156781e-04 1.028494e+02
3.541966e-04 9.411553e+01
3.974152e-04 9.065216e+01
4.459071e-04 8.040445e+01
5.003160e-04 7.166055e+01
5.613638e-04 6.355824e+01
6.298606e-04 6.505371e+01
7.067152e-04 5.736499e+01
7.929475e-04 4.882755e+01
8.897017e-04 4.585935e+01
9.982617e-04 4.043738e+01
1.120068e-03 3.611736e+01
1.256737e-03 3.184425e+01
1.410082e-03 2.875060e+01
1.582138e-03 2.705060e+01
1.775188e-03 2.327754e+01
1.991794e-03 2.410212e+01
2.234830e-03 2.089837e+01
2.507520e-03 2.025284e+01
2.813484e-03 2.011767e+01
3.156781e-03 1.900238e+01
3.541966e-03 1.696040e+01
3.974152e-03 1.697271e+01
4.459071e-03 1.703484e+01
5.003160e-03 1.662247e+01
5.613638e-03 1.716536e+01
6.298606e-03 1.833081e+01
7.067152e-03 1.819220e+01
7.929475e-03 1.907121e+01
8.897017e-03 1.939753e+01
9.982617e-03 2.070568e+01
1.120068e-02 2.208894e+01
1.256737e-02 2.256037e+01
1.410082e-02 2.405323e+01
1.582138e-02 2.489972e+01
1.775188e-02 2.651976e+01
1.991794e-02 2.711379e+01
2.234830e-02 2.881877e+01
2.507520e-02 3.003306e+01
2.813484e-02 3.162053e+01
3.156781e-02 3.258730e+01
3.541966e-02 3.384238e+01
3.974152e-02 3.386459e+01
4.459071e-02 3.473161e+01
5.003160e-02 3.512755e+01
5.613638e-02 3.512095e+01
6.298606e-02 3.612824e+01
7.067152e-02 3.559946e+01
7.929475e-02 3.564411e+01
8.897017e-02 3.519657e+01
9.982617e-02 3.469962e+01
1.120068e-01 3.387591e+01
1.256737e-01 3.286934e+01
1.410082e-01 3.224254e+01
1.582138e-01 3.094194e+01
1.775188e-01 2.962018e+01
1.991794e-01 2.815720e+01
2.234830e-01 2.676117e+01
2.507520e-01 2.529008e+01
2.813484e-01 2.364042e+01
3.156781e-01 2.214067e+01
3.541966e-01 2.044733e+01
3.974152e-01 1.894302e+01
4.459071e-01 1.734283e+01
5.003160e-01 1.591541e+01
5.613638e-01 1.453705e+01
6.298606e-01 1.316593e+01
7.067152e-01 1.189003e+01
7.929475e-01 1.060718e+01
8.897017e-01 9.512108e+00
9.982617e-01 8.472631e+00
1.120068e+00 7.517216e+00
1.256737e+00 6.582572e+00
1.410082e+00 5.787121e+00
1.582138e+00 5.036899e+00
1.775188e+00 4.345222e+00
1.991794e+00 3.738618e+00
2.234830e+00 3.150992e+00
2.507520e+00 2.693974e+00
2.813484e+00 2.279776e+00
3.156781e+00 1.920561e+00
3.541966e+00 1.626679e+00
3.974152e+00 1.348445e+00
4.459071e+00 1.132126e+00
5.003160e+00 9.404362e-01
5.613638e+00 7.818746e-01
6.298606e+00 6.362997e-01
7.067152e+00 5.222303e-01
7.929475e+00 4.247340e-01
8.897017e+00 3.445208e-01
9.982617e+00 2.773135e-01
1.120068e+01 2.203934e-01
1.256737e+01 1.787768e-01
1.410082e+01 1.408656e-01
1.582138e+01 1.114342e-01
1.775188e+01 8.856222e-02
1.991794e+01 6.865835e-02
2.234830e+01 5.421145e-02
2.507520e+01 4.226093e-02
2.813484e+01 3.293188e-02
3.156781e+01 2.511010e-02
3.541966e+01 1.889663e-02
3.974152e+01 1.458954e-02
4.459071e+01 1.110088e-02
5.003160e+01 8.070053e-03
5.613638e+01 6.091385e-03
6.298606e+01 4.322212e-03
7.067152e+01 3.138492e-03
7.929475e+01 2.224609e-03
8.897017e+01 1.526043e-03
9.982617e+01 9.400604e-04
1.120068e+02 6.060896e-04
1.256737e+02 3.585068e-04
1.410082e+02 1.902342e-04
1.582138e+02 9.766750e-05
1.775188e+02 3.569874e-05
1.991794e+02 1.394698e-05
2.234830e+02 1.553782e-06
2.507520e+02 3.462024e-07
