# E  dN/dE  [GeV  ph/GeV]
6.190206e-08 0.000000e+00
6.945526e-08 0.000000e+00
7.793008e-08 0.000000e+00
8.743899e-08 0.000000e+00
9.810816e-08 0.000000e+00
1.100792e-07 0.000000e+00
1.235109e-07 0.000000e+00
1.385815e-07 0.000000e+00
1.554910e-07 0.000000e+00
1.744637e-07 0.000000e+00
1.957515e-07 0.000000e+00
2.196368e-07 0.000000e+00
2.464366e-07 0.000000e+00
2.765064e-07 0.000000e+00
3.102452e-07 0.000000e+00
3.481009e-07 0.000000e+00
3.905756e-07 0.000000e+00
4.382331e-07 0.000000e+00
4.917056e-07 0.000000e+00
5.517027e-07 0.000000e+00
6.190206e-07 1.402392e+02
6.945526e-07 0.000000e+00
7.793008e-07 0.000000e+00
8.743899e-07 0.000000e+00
9.810816e-07 0.000000e+00
1.100792e-06 0.000000e+00
1.235109e-06 7.028608e+01
1.385815e-06 0.000000e+00
1.554910e-06 0.000000e+00
1.744637e-06 0.000000e+00
1.957515e-06 0.000000e+00
2.196368e-06 0.000000e+00
2.464366e-06 3.522649e+01
2.765064e-06 6.279128e+01
3.102452e-06 8.394418e+01
3.481009e-06 4.987689e+01
3.905756e-06 4.445282e+01
4.382331e-06 2.575210e+02
4.917056e-06 3.531013e+02
5.517027e-06 3.461721e+02
6.190206e-06 3.505979e+02
6.945526e-06 6.249415e+02
7.793008e-06 5.903985e+02
8.743899e-06 7.148285e+02
9.810816e-06 7.609705e+02
1.100792e-05 8.359402e+02
1.235109e-05 8.153186e+02
1.385815e-05 8.769955e+02
1.554910e-05 6.811287e+02
1.744637e-05 7.613087e+02
1.957515e-05 7.716469e+02
2.196368e-05 8.260677e+02
2.464366e-05 7.010071e+02
2.765064e-05 5.776798e+02
3.102452e-05 6.323795e+02
3.481009e-05 5.710904e+02
3.905756e-05 5.156527e+02
4.382331e-05 4.694806e+02
4.917056e-05 4.643282e+02
5.517027e-05 3.587601e+02
6.190206e-05 3.828529e+02
6.945526e-05 2.987220e+02
7.793008e-05 2.851736e+02
8.743899e-05 2.680607e+02
9.810816e-05 2.362548e+02
1.100792e-04 2.097737e+02
1.235109e-04 1.834467e+02
1.385815e-04 1.265379e+02
1.554910e-04 1.317593e+02
1.744637e-04 1.199186e+02
1.957515e-04 1.139731e+02
2.196368e-04 1.150171e+02
2.464366e-04 8.877075e+01
2.765064e-04 7.943097e+01
3.102452e-04 8.226530e+01
3.481009e-04 6.209672e+01
3.905756e-04 6.934640e+01
4.382331e-04 5.269276e+01
4.917056e-04 4.413766e+01
5.517027e-04 4.657588e+01
6.190206e-04 3.842553e+01
6.945526e-04 3.312190e+01
7.793008e-04 3.397576e+01
8.743899e-04 2.869242e+01
9.810816e-04 2.512972e+01
1.100792e-03 2.287006e+01
1.235109e-03 1.911781e+01
1.385815e-03 1.797841e+01
1.554910e-03 1.535331e+01
1.744637e-03 1.238993e+01
1.957515e-03 1.272774e+01
2.196368e-03 1.138313e+01
2.464366e-03 1.169519e+01
2.765064e-03 1.095708e+01
3.102452e-03 1.004532e+01
3.481009e-03 1.042427e+01
3.905756e-03 9.735168e+00
4.382331e-03 1.014237e+01
4.917056e-03 9.410150e+00
5.517027e-03 1.060545e+01
6.190206e-03 1.168192e+01
6.945526e-03 1.294879e+01
7.793008e-03 1.434780e+01
8.743899e-03 1.564680e+01
9.810816e-03 1.670596e+01
1.100792e-02 1.864304e+01
1.235109e-02 2.060788e+01
1.385815e-02 2.191862e+01
1.554910e-02 2.291272e+01
1.744637e-02 2.512319e+01
1.957515e-02 2.636904e+01
2.196368e-02 2.811397e+01
2.464366e-02 3.016444e+01
2.765064e-02 3.044435e+01
3.102452e-02 3.221218e+01
3.481009e-02 3.297361e+01
3.905756e-02 3.421756e+01
4.382331e-02 3.477921e+01
4.917056e-02 3.572856e+01
5.517027e-02 3.636380e+01
6.190206e-02 3.644676e+01
6.945526e-02 3.601538e+01
7.793008e-02 3.566452e+01
8.743899e-02 3.519240e+01
9.810816e-02 3.486041e+01
1.100792e-01 3.373807e+01
1.235109e-01 3.306890e+01
1.385815e-01 3.215003e+01
1.554910e-01 3.061506e+01
1.744637e-01 2.902974e+01
1.957515e-01 2.722361e+01
2.196368e-01 2.536779e+01
2.464366e-01 2.345133e+01
2.765064e-01 2.146677e+01
3.102452e-01 1.940006e+01
3.481009e-01 1.741377e+01
3.905756e-01 1.550581e+01
4.382331e-01 1.346934e+01
4.917056e-01 1.194506e+01
5.517027e-01 1.033088e+01
6.190206e-01 8.977972e+00
6.945526e-01 7.775897e+00
7.793008e-01 6.632737e+00
8.743899e-01 5.635132e+00
9.810816e-01 4.741288e+00
1.100792e+00 3.953287e+00
1.235109e+00 3.285453e+00
1.385815e+00 2.713048e+00
1.554910e+00 2.229524e+00
1.744637e+00 1.803605e+00
1.957515e+00 1.453268e+00
2.196368e+00 1.169182e+00
2.464366e+00 9.281827e-01
2.765064e+00 7.241718e-01
3.102452e+00 5.754653e-01
3.481009e+00 4.491414e-01
3.905756e+00 3.488658e-01
4.382331e+00 2.722393e-01
4.917056e+00 2.047105e-01
5.517027e+00 1.545501e-01
6.190206e+00 1.191612e-01
6.945526e+00 8.960411e-02
7.793008e+00 6.448711e-02
8.743899e+00 4.828071e-02
9.810816e+00 3.471264e-02
1.100792e+01 2.462080e-02
1.235109e+01 1.717792e-02
1.385815e+01 1.151370e-02
1.554910e+01 7.883227e-03
1.744637e+01 4.766887e-03
1.957515e+01 2.767285e-03
2.196368e+01 1.580991e-03
2.464366e+01 8.736169e-04
2.765064e+01 3.579103e-04
3.102452e+01 1.287144e-04
3.481009e+01 3.241998e-05
3.905756e+01 0.000000e+00
4.382331e+01 0.000000e+00
